1
2
3
4
5
6
7
8
9
11
12
13
14
15
16
17
18
19
20
24
27
28
29
30
31
32
34
36
37
38
39
43
44
46
47
48
49
50
51
54
56
57
59
62
63
64
65
67
69
70
72
74
76
77
78
79
80
83
84
86
87
88
89
91
92
93
94
95
96
98
99
100
102
103
105
107
108
109
111
112
113
114
115
117
118
123
124
127
128
129
130
131
132
134
135
136
137
138
139
141
142
144
145
146
147
148
149
150
154
155
156
159
160
161
162
164
166
167
168
169
170
171
173
174
175
176
177
178
182
183
184
185
188
189
190
197
199
200
201
202
203
204
205
209
212
214
219
220
222
224
226
227
230
231
232
233
234
235
237
238
239
240
241
242
244
245
246
247
248
249
251
252
255
257
258
259
260
261
262
263
265
266
268
269
270
272
273
276
277
278
279
280
281
283
285
286
289
292
294
295
296
297
299
300
301
302
303
304
307
308
309
310
311
312
315
316
317
318
319
322
323
324
325
327
328
329
331
332
333
337
338
339
342
343
344
345
346
347
349
350
351
352
354
357
358
359
360
361
362
363
364
365
366
367
368
370
371
372
373
374
375
378
379
383
386
387
388
389
390
392
393
394
395
396
397
398
400
401
402
403
405
406
407
409
410
411
416
417
418
419
421
423
424
428
431
433
436
437
438
440
441
442
443
444
445
446
447
448
449
452
453
454
455
456
457
458
460
461
464
465
467
468
469
471
474
477
478
479
480
481
482
483
484
485
486
487
488
489
490
492
494
495
496
497
498
499
500
501
502
503
504
505
507
510
511
513
514
515
516
517
519
520
522
524
525
527
528
529
530
534
535
537
538
539
540
541
542
543
544
545
548
549
550
552
553
555
556
558
560
561
563
564
565
567
569
571
574
575
576
577
578
579
580
584
585
586
589
590
591
592
593
594
595
596
597
598
599
602
603
604
607
609
610
611
612
613
614
618
624
625
627
628
629
634
635
636
638
639
643
645
646
647
649
650
651
653
654
656
659
660
662
664
665
669
670
671
672
673
674
676
678
680
683
684
685
686
687
688
690
691
692
694
695
697
698
699
700
702
703
704
705
706
707
711
713
715
716
718
720
721
722
724
725
728
729
730
734
735
738
739
740
741
742
743
747
748
749
750
757
758
759
761
762
764
765
775
779
782
784
786
788
789
790
795
796
798
799
800
802
803
804
806
809
810
811
813
816
817
818
820
821
825
830
831
833
834
838
840
845
849
850
854
858
859
864
865
866
868
869
872
873
874
875
876
877
