2 7768475
4 3709090
12 20461061
13 28754494
14 33487468
18 32121426
19 11607032
20 16246727
21 36511601
26 35271316
28 21813458
29 20457754
33 6952596
34 28830889
44 21679736
46 23049728
50 28991171
51 29578372
52 34887572
54 30933724
60 34917082
61 35534554
64 11699955
67 32719000
69 29567081
70 33858437
72 24253259
76 27648642
77 31951421
78 30094239
79 24877766
85 34326232
100 6965178
101 8315737
102 33925435
103 7081903
109 33925435
117 30352680
118 30770398
120 33950155
121 33720292
122 34281357
131 33802021
132 33802021
133 33016924
136 29761648
138 27782090
140 36372614
144 34433919
146 10331394
147 10600732
149 28102259
150 23890059
154 7223596
168 24357284
175 28185789
181 36145428
182 26210957
184 17111347
185 21368901
186 34933999
195 34522017
196 36639446
197 24516150
198 36357718
199 10508173
200 30398703
201 30464294
202 32305351
208 36682364
212 20533884
215 35768398
217 35322018
219 34232116
221 35778611
222 27974853
224 29923337
233 32558474
234 557727
242 29609966
244 30667598
253 34907331
256 34995482
258 17245413
261 31242632
266 23735226
267 34794169
268 30219859
273 33092057
274 34406865
276 33092057
277 9568043
281 32443536
287 8764090
288 36642413
292 27093168
293 34534445
294 16257956
295 15317978
297 27425147
298 34197936
304 30201728
305 35787388
306 17319077
308 29018283
309 34120839
311 14976262
314 36146718
315 33524237
319 31353284
322 32433540
323 28442192
324 24499181
325 29746850
326 10602021
328 17038590
329 26524530
331 16829983
332 19239894
333 32530090
333 33630409
338 34403751
346 29386289
352 9670025
353 36690175
354 32003222
355 35758934
357 23921513
360 16111635
361 22334017
362 21890902
363 18797453
364 29891560
365 18591409
366 27680591
368 32659078
370 28411378
371 24369424
372 31807688
378 20648499
379 29553323
383 34203302
385 34937915
386 33339147
387 29975801
388 3943125
389 27281205
390 18097032
391 34826381
393 25505073
395 26082837
396 33686237
397 20410931
398 2722819
399 36813894
400 25210179
401 26589145
406 32783919
408 35105974
410 33296685
417 18172197
431 30592384
433 29030308
437 31699497
441 32668226
442 12198172
443 18420935
448 33542471
452 31282366
461 17942531
467 33371460
469 33371460
470 36174631
471 21654214
472 34859663
480 33753940
482 3415967
484 34272515
485 24951289
487 31712433
488 31551417
489 24777247
490 28853924
494 29891683
495 28069945
496 32415122
497 33632261
499 34324884
500 25762141
501 16403444
502 15922971
503 23212421
507 28814514
510 110620
511 27313040
522 30367292
527 14980493
528 11884534
531 6593957
532 35367524
534 30503240
538 28116841
539 27182007
567 29326426
568 34694684
569 30296391
570 34594027
571 30609147
579 10659855
585 19656871
592 25260592
594 33301246
594 34525277
595 23011030
598 7448849
603 33527087
606 35173043
607 36280532
611 32731642
613 27317694
614 31269702
615 34668772
622 36016456
623 35632853
624 31269702
625 33092258
626 35062213
627 32585808
628 31947814
643 28978700
647 25579057
662 19046509
663 34985952
668 36762592
678 23584393
679 5245086
680 19701189
683 25233993
684 32728218
685 29567706
687 31267113
691 26656424
693 7047163
695 33850328
696 33907315
699 31316500
700 33630409
701 24049899
702 30885573
703 27455396
708 34413232
710 35835100
711 27422115
715 19001483
716 32423473
716 https:www.genscript.comreference_peer-reviewed_literature_74126.html?journal=Genome%20Biology%20pubmed_id=32423473
717 34902516
718 29624880
723 36348050
724 11680853
726 4291851
727 4291851
728 27903882
731 34709128
734 34504054
740 33327488
743 33327488
746 33793460
748 30275522
756 35632638
757 29638193
758 30647100
761 31498013
764 29907766
766 19216433
768 34763002
770 34778441
776 35891389
779 22086677
780 34793124
782 36334590
788 30290194
789 34172967
789 https:discovered.ed.ac.ukdiscoveryfulldisplay?docid=cdi_pubmed_primary_34172967&context=PC&vid=44UOE_INST:44UOE_VU2&lang=en&search_scope=UoE&adaptor=Primo%20Central&query=null%2C%2CManchester%20%3A%20Manchester%20University%20Press%2CAND&facet=citedby%2Cexact%2Ccdi_FETCH-LOGICAL-c603t-ed58f845dd99c108a9fff95c6c7c33dd65ba05defb3cfbfd09aafcd1ea8a12f83&offset=30
790 31685995
794 36016353
795 28116583
797 35379963
798 26816383
802 32088327
803 23904461
804 11283721
805 35388213
806 32622021
809 27313041
814 34475543
817 28684008
818 27153498
820 31504667
823 36625671
825 26321254
826 36650562
831 31063797
832 35288702
833 32875709
834 32483657
838 31003826
843 8577359
845 32293877
849 33567491
858 28819459
859 30391801
861 33333556
872 12486012
873 29339798
877 32024970
